Date,Cumulative Killed Persons,Cumulative Injured Persons,Daily Killed Persons,Daily Injured Persons
07-10-2023,232,"1,697",232,1697
8-10-2023,370,"2,200",138,503
09-10-2023,560,"2,900",190,700
10-10-2023,900,"4,250",340,1350
11-10-2023,"1,100","5,339",200,1089
12-10-2023,"1,417","6,268",317,929
13-10-2023,"1,900","7,696",483,1428
14-10-2023,"2,228","8,744",328,1048
15-10-2023,"2,670","9,600",442,856
16-10-2023,"2,808","10,850",138,1250
17-10-2023,"3,000","12,500",192,1650
18-10-2023,"3,478","12,500",478,0
19-10-2023,"3,785","12,500",307,0
20-10-2023,"4,137","13,162",352,662
21-10-2023,"4,385","13,561",248,399
22-10-2023,"4,651","14,425",266,864
23-10-2023,"5,087","15,273",436,848
24-10-2023,"5,791","16,297",704,1024
25-10-2023,"6,547","17,439",756,1142
26-10-2023,"7,028","18,482",481,1043
27-10-2023,"7,326","18,967",298,485
28-10-2023,"7,703","19,743",377,776
29-10-2023,"8,005","20,242",302,499
30-10-2023,"8,309","21,048",304,806
31-10-2023,"8,525","21,543",216,495
1-11-2023,"8,805","22,240",280,697
02-11-2023,"9,061","22,911",256,671
3-11-2023,"9,257","23,516",196,605
04-11-2023,"9,485","24,173",228,657
5-11-2023,"9,770","24,808",285,635
06-11-2023,"10,022","25,408",252,600
7-11-2023,"10,328","25,956",306,548
08-11-2023,"10,569","26,475",241,519
9-11-2023,"10,818","26,905",249,430
10-11-2023,"11,078","27,490",260,585
12-11-2023,"11,078","27,490",0,0
13-11-2023,"11,078","27,490",0,0
14-11-2023,"11,078","27,490",0,0
15-11-2023,"11,078","27,490",0,0
17-11-2023,"11,078","27,490",0,0
18-11-2023,"11,078","27,490",0,0
19-11-2023,"11,078","27,490",0,0
20-11-2023,"11,078","27,490",0,0
22-11-2023,"14,500","35,000","3,422",7510
23-11-2023,"14,800","36,000",300,1000
2-12-2023,"15,207","40,652",407,4652
03-12-2023,"15,523","41,316",316,664
5-12-2023,"16,248","43,616",725,2300
08-12-2023,"17,487","46,480","1,239",2864
9-12-2023,"17,700","48,700",213,2220
10-12-2023,"17,997","49,229",297,529
11-12-2023,"18,205","49,645",208,416
12-12-2023,"18,412","50,100",207,455
13-12-2023,"18,608","50,594",196,494
14-12-2023,"18,787","50,897",179,303
15-12-2023,"18,800","51,000",13,103
18-12-2023,"19,453","52,286",653,1286
19-12-2023,"19,667","52,586",214,300
27-12-2023,"21,110","53,688","1,443",1102
28-12-2023,"21,320","55,603",210,1915
29-12-2023,"21,507","55,915",187,312
30-12-2023,"21,672","56,165",165,250
02-01-2024,"22,185","57,035",513,870
3-1-2024,"22,313","57,296",128,261
04-01-2024,"22,438","57,614",125,318
5-1-2024,"22,600","57,910",162,296
07-01-2024,"22,835","58,416",235,506
9-1-2024,"23,084","58,926",249,510
10-01-2024,"23,357","59,410",273,484
11-1-2024,"23,469","59,604",112,194
12-01-2024,"23,708","60,005",239,401
14-01-2024,"23,968","60,582",260,577
15-01-2024,"24,100","60,834",132,252
16-01-2024,"24,285","61,154",185,320
18-01-2024,"24,620","61,830",335,676
19-01-2024,"24,762","62,108",142,278
21-01-2024,"25,105","62,681",343,573
22-01-2024,"25,295","63,000",190,319
23-01-2024,"25,490","63,354",195,354
24-01-2024,"25,700","63,740",210,386
25-01-2024,"25,900","64,110",200,370
26-01-2024,"26,083","64,487",183,377
28-01-2024,"26,422","65,087",339,600
29-01-2024,"26,637","65,387",215,300
30-01-2024,"26,751","65,636",114,249
31-01-2024,"26,900","65,949",149,313
01-02-2024,"27,019","66,139",119,190
2-2-2024,"27,131","66,287",112,148
04-02-2024,"27,365","66,630",234,343
5-2-2024,"27,478","66,835",113,205
06-02-2024,"27,585","66,978",107,143
7-2-2024,"27,708","67,147",123,169
08-02-2024,"27,840","67,317",132,170
9-2-2024,"27,947","67,459",107,142
12-02-2024,"28,340","67,984",393,525
13-02-2024,"28,473","68,146",133,162
14-02-2024,"28,576","68,291",103,145
15-02-2024,"28,663","68,395",87,104
16-02-2024,"28,775","68,552",112,157
19-02-2024,"29,092","69,028",317,476
20-02-2024,"29,195","69,170",103,142
21-02-2024,"29,313","69,333",118,163
22-02-2024,"29,410","69,465",97,132
23-02-2024,"29,514","69,616",104,151
26-02-2024,"29,782","70,043",268,427
28-02-2024,"29,954","70,325",172,282
29-02-2024,"30,035","70,457",81,132
1-3-2024,"30,228","71,377",193,920
04-03-2024,"30,534","71,920",306,543
5-3-2024,"30,631","72,043",97,123
06-03-2024,"30,717","72,156",86,113
7-3-2024,"30,800","72,298",83,142
08-03-2024,"30,878","72,402",78,104
11-3-2024,"31,112","72,760",234,358
12-03-2024,"31,184","72,889",72,129
13-03-2024,"31,272","73,024",88,135
14-03-2024,"31,341","73,134",69,110
15-03-2024,"31,490","73,439",149,305